Pour b = 0.1
Périodes mesurées : [0.054948 0.087214 0.095028 0.094925 0.094935 0.094934 0.094934 0.094934
 0.094934 0.094934]
Période moyenne ≃ 0.09017200000054229
[0.054948 0.087214 0.095028 0.094925 0.094935 0.094934 0.094934 0.094934
 0.094934 0.094934]


Pour b = 0.125
Périodes mesurées : [0.049151 0.084854 0.054304 0.087812 0.052883 0.087309 0.052883 0.087308
 0.052883 0.087309 0.052883 0.087309 0.052883 0.087309]
Période moyenne ≃ 0.06979142857197071
[0.049151 0.084854 0.054304 0.087812 0.052883 0.087309 0.052883 0.087308
 0.052883 0.087309 0.052883 0.087309 0.052883 0.087309]


Pour b = 0.15000000000000002
Périodes mesurées : [0.046697 0.039042 0.084561 0.047234 0.074355 0.048517 0.085915 0.047147
 0.067402 0.050477 0.086797 0.047136 0.066515 0.050858 0.086907 0.047139]
Période moyenne ≃ 0.061043687500473676
[0.046697 0.039042 0.084561 0.047234 0.074355 0.048517 0.085915 0.047147
 0.067402 0.050477 0.086797 0.047136 0.066515 0.050858 0.086907 0.047139]


Pour b = 0.17500000000000002
Périodes mesurées : [0.044728 0.036326 0.037924 0.044949 0.052719 0.047582 0.050511 0.048371
 0.049949 0.048767 0.049642 0.048986 0.049475 0.049108 0.049382 0.049177
 0.049329 0.049216 0.049301 0.049237]
Période moyenne ≃ 0.04773395000034729
[0.044728 0.036326 0.037924 0.044949 0.052719 0.047582 0.050511 0.048371
 0.049949 0.048767 0.049642 0.048986 0.049475 0.049108 0.049382 0.049177
 0.049329 0.049216 0.049301 0.049237]


Pour b = 0.2
Périodes mesurées : [0.042706 0.035034 0.03571  0.036049 0.037025 0.039618 0.042491 0.042652
 0.042424 0.042417 0.042423 0.042423 0.042424 0.042423 0.042423 0.042423
 0.042424 0.042423 0.042423 0.042423 0.042424 0.042423 0.042423]
Période moyenne ≃ 0.04120121739159752
[0.042706 0.035034 0.03571  0.036049 0.037025 0.039618 0.042491 0.042652
 0.042424 0.042417 0.042423 0.042423 0.042424 0.042423 0.042423 0.042423
 0.042424 0.042423 0.042423 0.042423 0.042424 0.042423 0.042423]


